
Date,	Cases(confirmed plus probable),	New cases	Confirmed, cases,	Probable Cases
March 7, 2021	3,501,394	3,816	3,501,394	N/A
March 6, 2021	3,497,578	4,452	3,497,578	N/A
March 5, 2021	3,493,126	4,659	3,493,126	N/A
March 4, 2021	3,488,467	3,504	3,488,467	N/A
March 3, 2021	3,484,963	3,352	3,484,963	N/A
March 2, 2021	3,481,611	2,533	3,481,611	N/A
March 1, 2021	3,479,078	3,516	3,479,078	N/A
February 28, 2021	3,475,562	4,685	3,475,562	N/A
February 27, 2021	3,470,877	5,151	3,470,877	N/A
February 26, 2021	3,465,726	5,400	3,465,726	N/A
February 25, 2021	3,460,326	4,965	3,460,326	N/A
February 24, 2021	3,455,361	5,303	3,455,361	N/A
February 23, 2021	3,450,058	3,447	3,450,058	N/A
February 22, 2021	3,446,611	4,665	3,446,611	N/A
February 21, 2021	3,441,946	6,760	3,441,946	N/A
February 20, 2021	3,435,186	6,668	3,435,186	N/A
February 19, 2021	3,428,518	6,798	3,428,518	N/A
February 18, 2021	3,421,720	5,573	3,421,720	N/A
February 17, 2021	3,416,147	4,090	3,416,147	N/A
February 16, 2021	3,412,057	5,692	3,412,057	N/A
February 15, 2021	3,406,365	6,487	3,406,365	N/A
February 14, 2021	3,399,878	8,842	3,399,878	N/A
February 13, 2021	3,391,036	9,421	3,391,036	N/A
February 12, 2021	3,381,615	10,059	3,381,615	N/A
February 11, 2021	3,371,556	8,575	3,371,556	N/A
February 10, 2021	3,362,981	8,390	3,362,981	N/A
February 9, 2021	3,354,591	8,251	3,354,591	N/A
February 8, 2021	3,346,340	10,414	3,346,340	N/A
February 7, 2021	3,335,926	15,064	3,335,926	N/A
February 6, 2021	3,320,862	12,394	3,320,862	N/A
February 5, 2021	3,308,468	14,021	3,308,468	N/A
February 4, 2021	3,294,447	13,176	3,294,447	N/A
February 3, 2021	3,281,271	10,501	3,281,271	N/A
February 2, 2021	3,270,770	12,064	3,270,770	N/A
February 1, 2021	3,258,706	15,358	3,258,706	N/A
January 31, 2021	3,243,348	18,974	3,243,348	N/A
January 30, 2021	3,224,374	18,427	3,224,374	N/A
January 29, 2021	3,205,947	19,337	3,205,947	N/A
January 28, 2021	3,186,610	16,696	3,186,610	N/A
January 27, 2021	3,169,914	16,728	3,169,914	N/A
January 26, 2021	3,153,186	17,028	3,153,186	N/A
January 25, 2021	3,136,158	27,007	3,136,158	N/A
January 24, 2021	3,109,151	24,111	3,109,151	N/A
January 23, 2021	3,085,040	22,972	3,085,040	N/A
January 22, 2021	3,062,068	23,024	3,062,068	N/A
January 21, 2021	3,039,044	19,673	3,039,044	N/A
January 20, 2021	3,019,371	22,403	3,019,371	N/A
January 19, 2021	2,996,968	23,794	2,996,968	N/A
January 18, 2021	2,973,174	30,699	2,973,174	N/A
January 17, 2021	2,942,475	42,229	2,942,475	N/A
January 16, 2021	2,900,246	40,622	2,900,246	N/A
January 15, 2021	2,859,624	42,655	2,859,624	N/A
January 14, 2021	2,816,969	35,930	2,816,969	N/A
January 13, 2021	2,781,039	33,751	2,781,039	N/A
January 12, 2021	2,747,288	36,487	2,747,288	N/A
January 11, 2021	2,710,801	39,839	2,710,801	N/A
January 10, 2021	2,670,962	49,685	2,670,962	N/A
January 9, 2021	2,621,277	52,636	2,621,277	N/A
January 8, 2021	2,568,641	50,030	2,568,641	N/A
January 7, 2021	2,518,611	36,385	2,518,611	N/A
January 6, 2021	2,482,226	29,892	2,482,226	N/A
January 5, 2021	2,452,334	31,440	2,452,334	N/A
January 4, 2021	2,420,894	29,633	2,420,894	N/A
January 3, 2021	2,391,261	45,352	2,391,261	N/A
January 2, 2021	2,345,909	53,341	2,345,909	N/A
January 1, 2021	2,292,568	47,189	2,292,568	N/A
December 31, 2020	2,245,379	27,237	2,245,379	N/A
December 30, 2020	2,218,142	30,921	2,218,142	N/A
December 29, 2020	2,187,221	31,245	2,187,221	N/A
December 28, 2020	2,155,976	33,170	2,155,976	N/A
December 27, 2020	2,122,806	50,141	2,122,806	N/A
December 26, 2020	2,072,665	30,375	2,072,665	N/A
December 25, 2020	2,042,290	39,144	2,042,290	N/A
December 24, 2020	2,003,146	39,070	2,003,146	N/A
December 23, 2020	1,964,076	39,069	1,964,076	N/A
December 22, 2020	1,925,007	32,659	1,925,007	N/A
December 21, 2020	1,892,348	37,892	1,892,348	N/A
December 20, 2020	1,854,456	46,474	1,854,456	N/A
December 19, 2020	1,807,982	43,608	1,807,982	N/A
December 18, 2020	1,764,374	41,012	1,764,374	N/A
December 17, 2020	1,723,362	52,281	1,723,362	N/A
December 16, 2020	1,671,081	53,711	1,671,081	N/A
December 15, 2020	1,617,370	32,326	1,617,370	N/A
December 14, 2020	1,585,044	33,278	1,585,044	N/A
December 13, 2020	1,551,766	30,334	1,551,766	N/A
December 12, 2020	1,521,432	35,729	1,521,432	N/A
December 11, 2020	1,485,703	35,468	1,485,703	N/A
December 10, 2020	1,450,235	29,677	1,450,235	N/A
December 9, 2020	1,420,558	30,851	1,420,558	N/A
December 8, 2020	1,389,707	23,272	1,389,707	N/A
December 7, 2020	1,366,435	24,735	1,366,435	N/A
December 6, 2020	1,341,700	30,075	1,341,700	N/A
December 5, 2020	1,311,625	25,068	1,311,625	N/A
December 4, 2020	1,286,557	22,018	1,286,557	N/A
December 3, 2020	1,264,539	18,591	1,264,539	N/A
December 2, 2020	1,245,948	20,759	1,245,948	N/A
December 1, 2020	1,225,189	12,221	1,225,189	N/A
November 30, 2020	1,212,968	14,034	1,212,968	N/A
November 29, 2020	1,198,934	15,614	1,198,934	N/A
November 28, 2020	1,183,320	11,996	1,183,320	N/A
November 27, 2020	1,171,324	12,635	1,171,324	N/A
November 26, 2020	1,158,689	14,640	1,158,689	N/A
November 25, 2020	1,144,049	18,350	1,144,049	N/A
November 24, 2020	1,125,699	15,329	1,125,699	N/A
November 23, 2020	1,110,370	8,337	1,110,370	N/A
November 22, 2020	1,102,033	14,319	1,102,033	N/A
November 21, 2020	1,087,714	15,442	1,087,714	N/A
November 20, 2020	1,072,272	13,005	1,072,272	N/A
November 19, 2020	1,059,267	11,478	1,059,267	N/A
November 18, 2020	1,047,789	9,811	1,047,789	N/A
November 17, 2020	1,037,978	8,743	1,037,978	N/A
November 16, 2020	1,029,235	9,890	1,029,235	N/A
November 15, 2020	1,019,345	10,968	1,019,345	N/A
November 14, 2020	1,008,377	9,875	1,008,377	N/A
November 13, 2020	998,502	6,893	998,502	N/A
November 12, 2020	991,609	6,927	991,609	N/A
November 11, 2020	984,682	7,464	984,682	N/A
November 10, 2020	977,218	5,367	977,218	N/A
November 9, 2020	971,851	7,212	971,851	N/A
November 8, 2020	964,639	7,682	964,639	N/A
November 7, 2020	956,957	5,863	956,957	N/A
November 6, 2020	951,094	6,518	951,094	N/A
November 5, 2020	944,576	4,566	944,576	N/A
November 4, 2020	940,010	5,338	940,010	N/A
November 3, 2020	934,672	4,044	934,672	N/A
November 2, 2020	930,628	4,094	930,628	N/A
November 1, 2020	926,534	4,529	926,534	N/A
October 31, 2020	922,005	5,087	922,005	N/A
October 30, 2020	916,918	4,014	916,918	N/A
October 29, 2020	912,904	4,191	912,904	N/A
October 28, 2020	908,713	4,515	908,713	N/A
October 27, 2020	904,198	3,188	904,198	N/A
October 26, 2020	901,010	2,981	901,010	N/A
October 25, 2020	898,029	5,219	898,029	N/A
October 24, 2020	892,810	5,945	892,810	N/A
October 23, 2020	886,865	6,141	886,865	N/A
October 22, 2020	880,724	2,940	880,724	N/A
October 21, 2020	877,784	3,707	877,784	N/A
October 20, 2020	874,077	3,286	874,077	N/A
October 19, 2020	870,791	3,474	870,791	N/A
October 18, 2020	867,317	2,862	867,317	N/A
October 17, 2020	864,455	2,979	864,455	N/A
October 16, 2020	861,476	3,075	861,476	N/A
October 15, 2020	858,401	3,329	858,401	N/A
October 14, 2020	855,072	2,666	855,072	N/A
October 13, 2020	852,406	2,378	852,406	N/A
October 12, 2020	850,028	3,449	850,028	N/A
October 11, 2020	846,579	3,803	846,579	N/A
October 10, 2020	842,776	4,170	842,776	N/A
October 9, 2020	838,606	3,806	838,606	N/A
October 8, 2020	834,800	3,575	834,800	N/A
October 7, 2020	831,225	2,764	831,225	N/A
October 6, 2020	828,461	1,677	828,461	N/A
October 5, 2020	826,784	3,055	826,784	N/A
October 4, 2020	823,729	4,293	823,729	N/A
October 3, 2020	819,436	2,159	819,436	N/A
October 2, 2020	817,277	3,590	817,277	N/A
October 1, 2020	813,687	3,062	813,687	N/A
September 30, 2020	810,625	3,200	810,625	N/A
September 29, 2020	807,425	2,162	807,425	N/A
September 28, 2020	805,263	2,955	805,263	N/A
September 27, 2020	802,308	4,071	802,308	N/A
September 26, 2020	798,237	4,197	798,237	N/A
September 25, 2020	794,040	3,400	794,040	N/A
September 24, 2020	790,640	3,170	790,640	N/A
September 23, 2020	787,470	3,146	787,470	N/A
September 22, 2020	784,324	2,630	784,324	N/A
September 21, 2020	781,694	3,294	781,694	N/A
September 20, 2020	778,400	4,265	778,400	N/A
September 19, 2020	774,135	4,304	774,135	N/A
September 18, 2020	769,831	3,630	769,831	N/A
September 17, 2020	766,201	3,238	766,201	N/A
September 16, 2020	762,963	2,950	762,963	N/A
September 15, 2020	760,013	2,235	760,013	N/A
September 14, 2020	757,778	2,855	757,778	N/A
September 13, 2020	754,923	4,625	754,923	N/A
September 12, 2020	750,298	4,107	750,298	N/A
September 11, 2020	746,191	3,326	746,191	N/A
September 10, 2020	742,865	3,338	742,865	N/A
September 9, 2020	739,527	1,616	739,527	N/A
September 8, 2020	737,911	2,676	737,911	N/A
September 7, 2020	735,235	3,091	735,235	N/A
September 6, 2020	732,144	4,905	732,144	N/A
September 5, 2020	727,239	4,956	727,239	N/A
September 4, 2020	722,283	5,106	722,283	N/A
September 3, 2020	717,177	5,125	717,177	N/A
September 2, 2020	712,052	4,255	712,052	N/A
September 1, 2020	707,797	3,712	707,797	N/A
August 31, 2020	704,085	4,176	704,085	N/A
August 30, 2020	699,909	6,070	699,909	N/A
August 29, 2020	693,839	4,981	693,839	N/A
August 28, 2020	688,858	5,329	688,858	N/A
August 27, 2020	683,529	4,430	683,529	N/A
August 26, 2020	679,099	6,004	679,099	N/A
August 25, 2020	673,095	4,480	673,095	N/A
August 24, 2020	668,615	4,946	668,615	N/A
August 23, 2020	663,669	6,777	663,669	N/A
August 22, 2020	656,892	6,556	656,892	N/A
August 21, 2020	650,336	5,585	650,336	N/A
August 20, 2020	644,751	5,920	644,751	N/A
August 19, 2020	638,831	6,164	638,831	N/A
August 18, 2020	632,667	4,636	632,667	N/A
August 17, 2020	628,031	6,469	628,031	N/A
August 16, 2020	621,562	7,873	621,562	N/A
August 15, 2020	613,689	12,614	613,689	N/A
August 14, 2020	601,075	7,934	601,075	N/A
August 13, 2020	593,141	7,085	593,141	N/A
August 12, 2020	586,056	11,645	586,056	N/A
August 11, 2020	574,411	12,500	574,411	N/A
August 10, 2020	561,911	7,751	561,911	N/A
August 9, 2020	554,160	8,373	554,160	N/A
August 8, 2020	545,787	7,371	545,787	N/A
August 7, 2020	538,416	8,436	538,416	N/A
August 6, 2020	529,980	5,258	529,980	N/A
August 5, 2020	524,722	5,295	524,722	N/A
August 4, 2020	519,427	4,526	519,427	N/A
August 3, 2020	514,901	5,739	514,901	N/A
August 2, 2020	509,162	9,032	509,162	N/A
August 1, 2020	500,130	6,542	500,130	N/A
July 31, 2020	493,588	8,086	493,588	N/A
July 30, 2020	485,502	10,197	485,502	N/A
July 29, 2020	475,305	8,755	475,305	N/A
July 28, 2020	466,550	6,000	466,550	N/A
July 27, 2020	460,550	6,891	460,550	N/A
July 26, 2020	453,659	8,259	453,659	N/A
July 25, 2020	445,400	10,066	445,400	N/A
July 24, 2020	435,334	9,718	435,334	N/A
July 23, 2020	425,616	12,040	425,616	N/A
July 22, 2020	413,576	12,807	413,576	N/A
July 21, 2020	400,769	9,231	400,769	N/A
July 20, 2020	391,538	6,846	391,538	N/A
July 19, 2020	384,692	9,329	384,692	N/A
July 18, 2020	375,363	9,199	375,363	N/A
July 17, 2020	366,164	9,986	366,164	N/A
July 16, 2020	356,178	8,544	356,178	N/A
July 15, 2020	347,634	11,126	347,634	N/A
July 14, 2020	336,508	7,346	336,508	N/A
July 13, 2020	329,162	8,358	329,162	N/A
July 12, 2020	320,804	8,460	320,804	N/A
July 11, 2020	312,344	8,047	312,344	N/A
July 10, 2020	304,297	7,798	304,297	N/A
July 9, 2020	296,499	7,031	296,499	N/A
July 8, 2020	289,468	11,694	289,468	N/A
July 7, 2020	277,774	6,090	277,774	N/A
July 6, 2020	271,684	5,699	271,684	N/A
July 5, 2020	265,985	8,597	265,985	N/A
July 4, 2020	257,388	9,153	257,388	N/A
July 3, 2020	248,235	5,688	248,235	N/A
July 2, 2020	242,547	6,408	242,547	N/A
July 1, 2020	236,139	7,407	236,139	N/A
June 30, 2020	228,732	9,480	228,732	N/A
June 29, 2020	219,252	8,009	219,252	N/A
June 28, 2020	211,243	4,810	211,243	N/A
June 27, 2020	206,433	5,972	206,433	N/A
June 26, 2020	200,461	4,890	200,461	N/A
June 25, 2020	195,571	5,349	195,571	N/A
June 24, 2020	190,222	7,149	190,222	N/A
June 23, 2020	183,073	5,019	183,073	N/A
June 22, 2020	178,054	4,230	178,054	N/A
June 21, 2020	173,824	4,515	173,824	N/A
June 20, 2020	169,309	3,893	169,309	N/A
June 19, 2020	165,416	4,317	165,416	N/A
June 18, 2020	161,099	4,084	161,099	N/A
June 17, 2020	157,015	3,455	157,015	N/A
June 16, 2020	153,560	2,108	153,560	N/A
June 15, 2020	151,452	2,597	151,452	N/A
June 14, 2020	148,855	3,212	148,855	N/A
June 13, 2020	145,643	3,660	145,643	N/A
June 12, 2020	141,983	2,702	141,983	N/A
June 11, 2020	139,281	3,090	139,281	N/A
June 10, 2020	136,191	2,702	136,191	N/A
June 9, 2020	133,489	2,170	133,489	N/A
June 8, 2020	131,319	2,507	131,319	N/A
June 7, 2020	128,812	2,796	128,812	N/A
June 6, 2020	126,016	3,115	126,016	N/A
June 5, 2020	122,901	3,094	122,901	N/A
June 4, 2020	119,807	2,120	119,807	N/A
June 3, 2020	117,687	2,377	117,687	N/A
June 2, 2020	115,310	2,304	115,310	N/A
June 1, 2020	113,006	2,423	113,006	N/A
May 31, 2020	110,583	3,705	110,583	N/A
May 30, 2020	106,878	2,992	106,878	N/A
May 29, 2020	103,886	2,189	103,886	N/A
May 28, 2020	101,697	2,717	101,697	N/A
May 27, 2020	98,980	2,247	98,980	N/A
May 26, 2020	96,733	2,175	96,733	N/A
May 25, 2020	94,558	1,848	94,558	N/A
May 24, 2020	92,710	2,079	92,710	N/A
May 23, 2020	90,631	2,187	90,631	N/A
May 22, 2020	88,444	2,247	88,444	N/A
May 21, 2020	86,197	2,140	86,197	N/A
May 20, 2020	84,057	2,262	84,057	N/A
May 19, 2020	81,795	1,365	81,795	N/A
May 18, 2020	80,430	1,591	80,430	N/A
May 17, 2020	78,839	2,046	78,839	N/A
May 16, 2020	76,793	1,857	76,793	N/A
May 15, 2020	74,936	1,772	74,936	N/A
May 14, 2020	73,164	2,023	73,164	N/A
May 13, 2020	71,141	1,759	71,141	N/A
May 12, 2020	69,382	1,443	69,382	N/A
May 11, 2020	67,939	1,259	67,939	N/A
May 10, 2020	66,680	2,119	66,680	N/A
May 9, 2020	64,561	2,049	64,561	N/A
May 8, 2020	62,512	1,898	62,512	N/A
May 7, 2020	60,614	1,799	60,614	N/A
May 6, 2020	58,815	2,603	58,815	N/A
May 5, 2020	56,212	1,275	56,212	N/A
May 4, 2020	54,937	1,321	54,937	N/A
May 3, 2020	53,616	1,419	53,616	N/A
May 2, 2020	52,197	1,755	52,197	N/A
May 1, 2020	50,442	1,525	50,442	N/A
April 30, 2020	48,917	2,417	48,917	N/A
April 29, 2020	46,500	1,469	46,500	N/A
April 28, 2020	45,031	1,567	45,031	N/A
April 27, 2020	43,464	1,300	43,464	N/A
April 26, 2020	42,164	1,027	42,164	N/A
April 25, 2020	41,137	1,883	41,137	N/A
April 24, 2020	39,254	1,885	39,254	N/A
April 23, 2020	37,369	1,973	37,369	N/A
April 22, 2020	35,396	2,135	35,396	N/A
April 21, 2020	33,261	2,283	33,261	N/A
April 20, 2020	30,978	645	30,978	N/A
April 19, 2020	30,333	1,370	30,333	N/A
April 18, 2020	28,963	1,435	28,963	N/A
April 17, 2020	27,528	1,346	27,528	N/A
April 16, 2020	26,182	1,758	26,182	N/A
April 15, 2020	24,424	1,086	24,424	N/A
April 14, 2020	23,338	990	23,338	N/A
April 13, 2020	22,348	554	22,348	N/A
April 12, 2020	21,794	1,179	21,794	N/A
April 11, 2020	20,615	1,143	20,615	N/A
April 10, 2020	19,472	1,163	19,472	N/A
April 9, 2020	18,309	1,352	18,309	N/A
April 8, 2020	16,957	1,092	16,957	N/A
April 7, 2020	15,865	1,529	15,865	N/A
April 6, 2020	14,336	898	14,336	N/A
April 5, 2020	13,438	1,412	13,438	N/A
April 4, 2020	12,026	1,325	12,026	N/A
April 3, 2020	10,701	1,510	10,701	N/A
April 2, 2020	9,191	1,036	9,191	N/A
April 1, 2020	8,155	673	8,155	N/A
March 31, 2020	7,482	1,035	7,482	N/A
March 30, 2020	6,447	739	6,447	N/A
March 29, 2020	5,708	1,065	5,708	N/A
March 28, 2020	4,643	764	4,643	N/A
March 27, 2020	3,879	873	3,879	N/A
March 26, 2020	3,006	651	3,006	N/A
March 25, 2020	2,355	253	2,355	N/A
March 24, 2020	2,102	369	2,102	N/A
March 23, 2020	1,733	197	1,733	N/A
March 22, 2020	1,536	257	1,536	N/A
March 21, 2020	1,279	216	1,279	N/A
March 20, 2020	1,063	139	1,063	N/A
March 19, 2020	924	313	924	N/A
March 18, 2020	611	128	611	N/A
March 17, 2020	483	148	483	N/A
March 16, 2020	335	42	335	N/A
March 15, 2020	293	41	293	N/A
March 14, 2020	252	50	252	N/A
March 13, 2020	202	0	202	N/A
March 12, 2020	202	45	202	N/A
March 11, 2020	157	24	157	N/A
March 10, 2020	133	19	133	N/A
March 9, 2020	114	26	114	N/A
March 8, 2020	88	19	88	N/A
March 7, 2020	69	9	69	N/A
March 6, 2020	60	7	60	N/A
March 5, 2020	53	0	53	N/A
March 4, 2020	53	0	53	N/A
